M478.273102,102.849609
    C478.273102,102.849609 486.003143,109.715019 490.066345,113.752861
    C490.848755,114.889603 491.432953,115.421227 492.017151,115.952843
    C513.980774,139.847794 514.754883,178.999588 493.794128,205.991272
    C492.977875,207.042374 492.322723,208.350021 491.271210,209.066635
    C481.283875,215.872955 481.895111,226.027328 482.420807,236.242752
    C483.089577,249.238421 458.606286,246.061544 448.232697,238.205124
    C444.173187,235.130661 440.001923,233.945450 434.914825,233.842896
    C421.313110,233.568634 407.666168,233.239258 394.155029,231.814377
    C381.188035,230.446881 365.791359,226.697704 361.165405,214.506989
    C360.352081,212.363647 359.806671,210.299713 358.477753,209.113861
    C335.737549,188.822205 335.951691,151.751389 347.282898,130.608521
    C355.870941,114.584122 368.903717,103.093887 385.394348,96.155060
    C392.836700,93.023499 401.406891,91.827202 409.549377,91.416100
    C413.677551,91.207672 417.172913,92.525703 421.950073,90.646240
    C429.897308,87.519569 438.821045,89.295288 447.281494,91.681885
    C453.762115,93.509995 460.469940,94.532501 467.076721,95.913315
    C467.252441,95.945900 467.428192,95.978477 467.947357,96.419342
    C468.958862,97.107597 469.627014,97.387566 470.295135,97.667542
    C470.295135,97.667542 470.260162,97.895996 470.252502,98.177521
    C470.897888,103.621696 478.273102,102.849609 478.273102,102.849609
    z